26.924072	-82.358643
26.933958	-82.291097
26.957454	-82.353090
26.960064	-82.352349
27.000723	-82.376917
27.039036	-82.401300
27.046371	-82.246847
27.049566	-82.378970
27.054805	-82.380612
27.064769	-82.418221
27.081468	-82.425918
27.093800	-82.433100
27.094210	-82.442950
27.095850	-82.360120
27.098720	-82.450190
27.098840	-82.454130
27.099240	-82.367390
27.099520	-82.386470
27.099560	-82.386510
27.099620	-82.411010
27.099640	-82.400960
27.099660	-82.400950
27.099663	-82.445431
27.099720	-82.445440
27.099780	-82.430870
27.099790	-82.417320
27.100450	-82.384380
27.101200	-82.427350
27.101220	-82.454290
27.104290	-82.433260
27.104526	-82.410120
